HD1 2022 2 2 8 30 45 NV1 0707201045 1 2 4 3 
HD2 2021 11 23 8 30 45 NV1 0707201045 2 4 3 1 
HD3 2022 12 1 8 30 45 NV1 0342342559 1 1 3 3 
HD4 2023 11 5 22 25 52 NV1 0634659837 1 2 3 4 5 6 
HD5 2023 11 10 16 21 10 NV2 0888888888 1 3 2 5 7 6 4 4 
HD6 2023 11 10 16 44 9 NV3 0707201045 5 5 4 3 
HD7 2023 11 10 22 10 20 NV3 0789999999 2 1 4 4 5 5 
HD8 2023 11 10 22 12 46 NV3 0888888888 1 1 3 3 
HD9 2023 11 10 22 20 13 NV4 0707200005 1 2 3 3 7 7 
HD10 2023 11 12 9 36 16 NV1 0707201045 1 2 3 4 5 6 
HD11 2023 11 12 11 13 47 NV1 0707201045 3 5 4 5 
HD12 2023 11 12 11 40 48 NV1 0707201045 1 2 3 4 5 6 
HD13 2023 11 12 14 37 20 NV1 73878743 1 1 
HD14 2023 11 12 15 2 30 NV1 034577474 1 2 3 4 2 3 1 3 
HD15 2023 11 12 15 4 2 Nv2 73972398 1 2 2 3 2 34 
